 -- Matrix A -- 
  +1    -2   +10    +1  
  +5    +3    -2    +9  
  +2    -1    +6    -9  
  +1    +8    +1    -9  

 -- Matrix B -- 
  +2    +3    -5    -2  
  +7    -2    +0    +7  
  +8    -4    +7    -3  
  +7    -9    +0    +3  

 -- Matrix C -- 
 +75   -42   +65   -43  
 +78   -64   -39   +44  
 -18   +65   +32   -56  
  +3   +64    +2   +24  
